6 0.33949320044143155
2 0.365968045983732
3 0.30598824950937525
4 0.3041384022970016
5 0.32108151514810485
6 0.30746237008104355
7 0.28436196213413756
8 0.32192339104943923
9 0.3315855025705382
10 0.3601706344329687
11 0.3530719289169363
12 0.370376549057624
13 0.38040127535522705
14 0.376330749858041
15 0.3950369004937929
16 0.327038065024907
17 0.3105495343048866
18 0.2959642428411833
19 0.28328319059359364
20 0.32167095083898684
21 0.3277200943870233
22 0.30268910579866964
23 0.3264361559308893
24 0.3153094058330585
25 0.34478356640629315
26 0.36235616727412673
27 0.3616855344003141
28 0.3717919149586328
29 0.3905650666847277
30 0.3801026422067994
31 0.4019950520731903
32 0.3996703781400566
33 0.40079552261609547
34 0.41213979951810553
35 0.4343759295222508
36 0.43286141913010895
37 0.4429516837397499
38 0.4456477330411544
39 0.45817904663089853

